,leisure_score,me_score,phone_score,sleep_score,social_score,UID
0,0.319022494364455,0.11880488756036169,0.11717519335609843,0.14420419313206334,0.3007932315870216,003df5deff30e1e5a07b5d063fe85c3f
1,0.12044727794083783,0.2607770599285303,0.3134639892150024,0.18145396752022247,0.12385770539540707,0107c61e54459068bb83f6be2058d65d
2,0.0,0.0,0.0,0.0,0.0,01fb41df0f6c2f69d65db5a38c600b4c
3,0.2184778846337784,0.24179621915084354,0.23861633753198322,0.197503563460132,0.10360599522326287,031cf9537e5da78c5a69a10cba088c94
4,0.2280122855323602,0.21154815763415616,0.22461792072894568,0.19378478498136897,0.14203685112316897,03a0ce5623bfeb8aa3113605f7682215
5,0.37448919187205115,0.11451002602911405,0.15655901011695406,0.01223533050547897,0.3422064414764017,07eab8e219b6a4dcd45167dc216e1189
6,0.1726867316976336,0.21994025182707838,0.23496924469684666,0.1631567184608877,0.20924705331755367,0947cdc8e87a0a45a012aa387ccedbcd
7,0.2045998230217817,0.16083129185863335,0.23688282473360178,0.2070131112839239,0.19067294910205942,0ab7acb36e6c710a7733c1c24e566bb3
8,0.17568663286782032,0.2175567768548479,0.2683459125559747,0.2171204565053884,0.12129022121596883,0aee9faa6f2d2d24d85d2690f5b2df25
9,0.1401566100381318,0.15330344488346037,0.3118238528033534,0.2565790768031304,0.13813701547192397,0b9c2303bcc61063f9a5653d77c90501
10,0.13583750357975932,0.2270053897753588,0.29437666187902595,0.17565558184354998,0.167124862922306,0ba15aa0582c5e825710d42fe3eb231d
11,0.1492449756233571,0.07880330683841691,0.5526264956763578,0.07999093438309056,0.13933428747877769,0f2be96bde481cd3898f147a995a7d56
12,0.16342136791769551,0.17258638392224573,0.20317917585899153,0.24366638410941885,0.21714668819164842,0f727c1018c74fbb7142e8c7a77840d6
13,0.1918792083239564,0.15997039702382448,0.18570328899078056,0.17753220815400653,0.284914897507432,107c06248d28377b345ae06e5bda10c1
14,0.1260790322622095,0.32845643409464065,0.2540046006720293,0.21652340139333792,0.07493653157778271,12e0a85ee9819ae1abeca0ccfaa52d13
15,0.14801948517740335,0.211988290926322,0.24992230953925565,0.23537887522801287,0.15469103912900614,12f90c19f2c2b74ec542b62e74e7cad1
16,0.14499884999649432,0.18010798338129014,0.3424858184904118,0.20396867878528094,0.12843866934652276,13789d5f8a59f1e347e42b99233530d6
17,0.16453366774509828,0.13639374908464275,0.3440136090950581,0.20473560707306754,0.15032336700213322,1618e7f7049efc1a0fbe48af6fda8e57
18,0.07942480785174962,0.11037559077833478,0.371719986205202,0.2924733779129718,0.14600623725174172,165970c3847523de7691ef9766b0f3f4
19,0.21624567865464006,0.17630838206444596,0.2386531163172164,0.12489219030717098,0.2439006326565265,169d3212668c4eed434dafd32e33c946
20,0.1548992434092823,0.18997602869868618,0.235423401082781,0.2585971337292521,0.16110419307999846,1741432fb469dbbcd5a40599670c64ce
21,0.15976203638068404,0.22694203464450016,0.16992980890147572,0.19095572432450456,0.25241039574883556,17fb1517cc9d7e416782bffb8edd9070
22,0.3183647452765379,0.21967059220369503,0.23317280761951004,0.11724864635209985,0.11154320854815714,1893420fc2b045e14ef0112c1b079afe
23,0.057132744882589286,0.09456763489682837,0.7426782126126099,0.0315597058063631,0.07406170180160934,1badfae62cc1b76787d4f8beb68737bf
24,0.26871236363239603,0.3187595382312555,0.1882408686989834,0.1305200864674661,0.09376714296989888,1c12f39481a6c09da17bd4e6bebed9a2
25,0.09266036218847792,0.15301406135664647,0.5020856794807533,0.14800437170366457,0.10423552527045764,1d0fa4dfa0545bedeaa6045c70b6d19c
26,0.15215937410996122,0.4274124163271267,0.17600708182821287,0.12491978736278316,0.11950134037191601,1d2263527eed2a54e88d340fb8e55308
27,0.22503377202387098,0.17422695280874742,0.15383182387814737,0.18708473646989748,0.2598227148193367,1df93e607e693903c6fce6054a0a67c5
28,0.17381770283060488,0.23794449019450817,0.18294001384074923,0.2556565510865727,0.14964124204756518,1e85c892d8f047ff621ad9134c4e6d8d
29,0.1977133945592909,0.14445953269075232,0.2533122417999548,0.21941069703899185,0.18510413391101013,1ff6d7f34acb354430e7323a35ff7703
30,0.16947284720463654,0.2679411347320092,0.216802732557966,0.20079004227888084,0.1449932432265075,1fff60a0795f79ab1f9432d2cb1f56ee
31,0.10998570161582485,0.05545759977231251,0.2990283704418514,0.21801277116850826,0.31751555700150297,20b8c420e5a7abcb07f11aab23e42923
32,0.1661075140903001,0.2458065891597668,0.22823771361650308,0.18237350203599922,0.17747468109743084,212521733ea8eeff63d997dc0213c692
33,0.19873259417481423,0.1263997501820988,0.17306689478447085,0.31476472097470926,0.1870360398839069,23d00aa2ae3eb2c224734960f2391885
34,0.08570803895071633,0.16819831342920324,0.14701854480038992,0.16536187311386205,0.4337132297058286,24e89780f6c9efef9ab28fea842cf620
35,0.18313732617496328,0.26213128190276674,0.23777090835922035,0.07937924769246653,0.23758123587058314,284784fd7319c4e33b0bf1dc90c1a610
36,0.1724564003903212,0.20966538315862274,0.21494586634130947,0.20329461382910152,0.19963773628064516,2b3d267f18830c3c257b382edabef246
37,0.0,0.0,0.0,0.0,0.0,2c4f43b2212eee5ba69563f139911138
38,0.11363439531682791,0.20626102328376955,0.3351319088631046,0.1982407079506836,0.14673196458561438,2cc3f6274987ee627ab9be37181536eb
39,0.18062402017248277,0.21726623094868314,0.26543385106093226,0.1525031903824812,0.1841727074354207,2d06da49889845dc3af964bafb630b0a
40,0.1547488175855554,0.2092836515946896,0.2638134310093886,0.20012969497460234,0.17202440483576412,2d5d41b5e9a9a5bb7007264230e4c575
41,0.156186169798181,0.24130611962872175,0.2053731930216128,0.2634055505184332,0.13372896703305118,2de8db6af975b72ac70440ede29e1cfb
42,0.15966204701064096,0.2558801489823328,0.2172506608595056,0.21725224487202943,0.14995489827549124,2f706716305bceab3969e0f457da16b4
43,0.22589977544415965,0.12351030107181984,0.189117030641401,0.1789957077819271,0.2824771850606923,30b497738f121ad199afb509889f6cfe
44,0.027550833722801718,0.10182753719246562,0.34399809811423077,0.4831636796935204,0.0434598512769815,34ed21e64b190dc037d35ef7f646feb8
45,0.2603421763532414,0.2899953288017502,0.08923818627566031,0.2680927718972875,0.09233153667206051,3528757eaf1d15ee6c778eb79cd02de7
46,0.07739022059067184,0.25269261273836824,0.4216690229957558,0.1310183214709542,0.11722982220424988,3569e2f520db9014b4acc4227a6421c1
47,0.14747823624706302,0.6644184407863133,0.0698171907212924,0.05160461979143845,0.06668151245389285,35cf1abf179310dc33907d953f590366
48,0.17677089439054886,0.26073188828356514,0.2709273456119295,0.19034263906943455,0.10122723264452205,374d8bd8b755b55ed5a9b08304db6cee
49,0.2128456880136613,0.06353854955393334,0.13270954553595027,0.3638460569820382,0.22706015991441678,3bb377ba0acb7d8916010184df36aa57
50,0.22951555795547424,0.18109991893028504,0.23314794259301944,0.19972211404108517,0.15651446648013617,3d1a8b919f65dd22f661468f79b9b107
51,0.14854097333669827,0.15256892428254973,0.4052335834539337,0.15220657430154458,0.1414499446252737,3dad5f11680b432159b65838119ab87e
52,0.22953062636403593,0.11069164880407525,0.14951916978415727,0.20706944145034992,0.3031891135973816,3e7ca3545ad22d036db36c4f1e9f2e18
53,0.15093218447906825,0.2523044595049439,0.24992859109367654,0.1861604006439285,0.16067436427838272,4005a296ac7cd078b8bd56f0b905b7a6
54,0.394131875338702,0.08236902481098285,0.185106100115981,0.13034749924441258,0.20804550048992163,422875809be551a4ec179466aa8300ba
55,0.169393318977491,0.13351546860991145,0.45700028659290626,0.10597189157551391,0.13411903424417743,429cf5f822600da91a6f4227c0af86c6
56,0.18835719369415918,0.11991910776722554,0.39194776257984104,0.14727742739974878,0.1524985085590255,45555d3305e255895b11695c179a98cd
57,0.0,0.0,0.0,0.0,0.0,46562035189535f838d640973dbb222e
58,0.25381800776094204,0.03141450260435733,0.0,0.25396825396825395,0.4607992356664466,46b53cdf4d639d54e894d92b6dff817f
59,0.05465788081167637,0.6954530223176651,0.06971611484680908,0.1214609619197411,0.05871202010410844,46f1dfeda71a865074859c81bb314fd9
60,0.21081443208950942,0.17862827463350525,0.18487975410349108,0.1961179592295513,0.22955957994394308,480fca3c0b19afab1093cf2f01d63317
61,0.0949513563681369,0.2687230911941498,0.31849314676968543,0.11045357795001283,0.20737882771801516,4a8ac645226348425b0a43a8373e394d
62,0.1332249486080217,0.2544763364444474,0.1909182080946727,0.21221607706095133,0.2091644297919069,4b5eb55e64b6bc941796bf114149cab7
63,0.13773411882771502,0.19771792209838568,0.33593064535817396,0.1814055588403319,0.14721175487539334,4e37495c9c7c8a17e8737e2c61cfe228
64,0.067989788147558,0.07506884587196214,0.04347792627465048,0.7559938665882376,0.0574695731175917,4eeb9f06b3ff630aa8f81fd23e1dfe7b
65,0.13228465218053642,0.26292838500296695,0.26327651282576214,0.2161118906084973,0.12539855938223723,50e32d5c464c892af7aa4b6a666e876d
66,0.1451552935419686,0.2063003767752266,0.3128556827781901,0.19723678648443108,0.13845186042018368,51ac1dd0849798d75614176ebff633be
67,0.1319499920534865,0.2799646246710757,0.28998429821183547,0.12524968561149916,0.17285139945210315,54446e36f4601e2c4ab70c355baccc32
68,0.16073425993668344,0.36556943627361455,0.23009649763663959,0.1109681373723134,0.13263166878074903,546901e10be0157c4fed40c04bfeaaa5
69,0.1425085913312909,0.21550181700766236,0.26438103342529207,0.16032495866380844,0.21728359957194626,557b44c8daf2ddb5d02313f20f2505b9
70,0.2086026744713951,0.2520680108561431,0.208073381622919,0.186787759910577,0.1444681731389658,5580eba4ad4d1266854f3fec95266bd2
71,0.2009978260940626,0.21084640044319417,0.24119369608149455,0.1842759462775487,0.1626861311037,56b90ef8a34e80ebc086ecd8d594e9d8
72,0.0,0.0,0.0,0.0,0.0,58863d024fc04ff1c3082e2c81e14cf2
73,0.10682181122612334,0.2932015291526103,0.2664204339889217,0.1726591792980704,0.16089704633427418,59256b077a34f2f4ed7bbf7670e53786
74,0.15782363086154463,0.26583528020073527,0.12810357743124434,0.24009873699092485,0.20813877451555096,596df3c263e97eb09d44a8535ec20ffa
75,0.17068107524096413,0.27015605216391003,0.241293014409443,0.1480336722211592,0.1698361859645236,59cf760cd019690c9007452187578915
76,0.05865416436808229,0.28411108865594176,0.48592197178271823,0.08909039837163889,0.08222237682161888,5a254d648a95146b403690f81da84bc3
77,0.19807741556223749,0.22021585023422552,0.26972984837049274,0.15369757028229608,0.15827931555074823,5c446b55e04c641913c09fd39d01d32b
78,0.2570291312703013,0.25528793317758974,0.15258375902047203,0.19886543527416395,0.13623374125747317,5e1d4d2718012c036ea65bfe3c80c0e7
79,0.09874915916197531,0.29166002508752054,0.2827652384208978,0.21757578373552422,0.10924979359408221,5e8e425fb65143d25c73b88bd26638eb
80,0.16648479718704637,0.20190336960572855,0.18849561773492035,0.2773780854787237,0.16573812999358098,5fa34bfca33d0ced12ea991006fbc934
81,0.18571916006686023,0.19228474077190785,0.20382627000018583,0.19997903081206464,0.21819079834898147,600713d94c8ebe9f12f7d12c6479a131
82,0.3763749839344541,0.2114911524885367,0.13429600305347275,0.19038218198793136,0.08745567853560511,61f9310e79c30ff4ff836fa065aee93a
83,0.16534834255272238,0.16631880539916385,0.3677397486642458,0.13419457093113205,0.1663985324527359,6294895f1093b3878b385812d65c3197
84,0.18814738525881394,0.1682341035278799,0.20962460430708024,0.24972023013409228,0.18427367677213352,62caae288910745b5eb9dde5a9873179
85,0.14406561920501068,0.2304230126504504,0.19129999733088415,0.2526788567237982,0.18153251408985654,62e43e3420646eaa7ecb44636abda31a
86,0.23299604985217728,0.18297298833804265,0.19027759033433922,0.16964448196108087,0.22410888951435992,632503a1df16a201a0fc5a1b91d3b01c
87,0.18428587676751293,0.29576015042993653,0.19371637549021475,0.16414944237562026,0.16208815493671544,63e8142ef2fdd89aec0630ce6070831d
88,0.18025834826418802,0.20857451875804264,0.34850364202160633,0.14174304622503797,0.1209204447311251,64f2d26b3835e5fa744c35f1709e9c39
89,0.10018444622813202,0.2685321928619689,0.3193606984556715,0.2015650347320544,0.11035762772217314,6683f5d8f1730b0fce6c1fd8b46ab76f
90,0.1310821605846054,0.23221128886697806,0.32807975220826235,0.1499853173357756,0.15864148100437855,690d25f3b083e647278ed85c6bb033ae
91,0.1908461666604109,0.2483310344987134,0.22366100116738458,0.20195755466792822,0.1352042430055629,69d24b22972459bf83ab0c8eb24d13cc
92,0.15300199945197718,0.29004180767921844,0.30008503113286467,0.158840778219088,0.09803038351685171,6b0083d00297f9c03e00b2cde889b666
93,0.23875491263130774,0.06851023747329019,0.17675805478631104,0.3191447598421304,0.19683203526696072,6b22ac2851e90cebdb6bcc50288e031c
94,0.0,0.0,0.0,0.0,0.0,6b4ad83b4ee50566e899f3b6c0fb7864
95,0.17465352248333602,0.2690373530017528,0.2116962099475449,0.17934888348794292,0.16526403107942328,6c4cf48742a55153dd574133a73a6932
96,0.1886929709756419,0.24248126948438106,0.1832509965755056,0.1702874712909134,0.21528729167355812,6ed487d275984c8c141d40ad10664f46
97,0.15323491689927424,0.20917632377912126,0.22936824388530316,0.28385110855667384,0.1243694068796275,703c70ff9f0c7a8e24757d0270a2e932
98,0.19104141123362195,0.23129411924121246,0.19159891859213027,0.21978216721146332,0.1662833837215721,713a6a94988cc13bf0bb50ad0cb0a015
99,0.16136988340630976,0.27263218247759774,0.16562129730634503,0.18227375170273097,0.21810288510701642,73e13f8273906f7f43a077f95ec48e7d
100,0.1132257911283392,0.30768327860758077,0.17029124589798578,0.29538973818364345,0.11340994618245089,76b564dca3ab4d899e5a30d3cbcb0aac
101,0.2218060515411967,0.18536063051477095,0.21786184199221964,0.1938174065358087,0.18115406941600404,791c580346256bca5c697d19170a50b5
102,0.22098625698404314,0.23985473932268878,0.20428786512405003,0.16062577801213868,0.17424536055707945,79d8490ab94fc7cd6530b1f22593d708
103,0.09423190585480619,0.4018217218499008,0.21673923233224957,0.17119086265668212,0.11601627730636138,7a5f7cc91bafe10c9708342bb197ea58
104,0.20277167282770847,0.284560684243453,0.1713358313529416,0.15569842386233876,0.18563338771355814,7d2c632a05bbb03ca97555d61be83c41
105,0.0,0.0,0.0,0.0,0.0,7d41e1ac6994aa87a10a923b31b16cd8
106,0.21402715111486137,0.21858222290396204,0.1913576905582729,0.21496565911615925,0.16106727630674456,7dcfc929e033d32b768ff4b51bd6a748
107,0.08024534934110687,0.14227803945776213,0.468754419652354,0.23598808377379266,0.07273410777498428,7e22b6d9cb821d7004409da02d95cb64
108,0.21841903872169843,0.2084124873125916,0.17848360704027671,0.1769707618433399,0.21771410508209335,800994037be85bdfd6b3e43be70d02b3
109,0.15308319001913195,0.2708186501341491,0.20747153411203492,0.2024737083565078,0.16615291737817628,8391d8b451084771d0affcc26e34d773
110,0.10239864836076609,0.23184391068123944,0.23282190056946045,0.3088020250710718,0.12413351531746214,83a37a7ffd416a2e0a863c86166a97c8
111,0.16189056858095702,0.26127896999445605,0.20843067890255776,0.17858830055102556,0.18981148197100367,83e4705b8ead02d2659f4d4241183e17
112,0.11024996906425623,0.30587254340151526,0.1840052762180261,0.23701433253300255,0.1628578787831999,84120765740b5395aa49a2feb12fbb43
113,0.07984025483127462,0.34797803222581664,0.23761677111693302,0.13424185454178342,0.20032308728419232,8479552e5849c2f93e5f8ab1720ed78b
114,0.17365405253868954,0.28347045855965713,0.21209723611370776,0.1948344969213426,0.13594375586660307,84875d7ec9c81d58d687aa4805c35c77
115,0.16015512308640595,0.22403924332043754,0.1900933113085789,0.2313242072063634,0.19438811507821438,862f10a8c357e957a59d122077b3a5ad
116,0.14784336872972312,0.16517193288652907,0.23601350730465834,0.28251800168097313,0.16845318939811638,86a13f6d0bb7070ca042d60b2a582c4c
117,0.1401753016494745,0.24756964577397872,0.25951934667213916,0.20692449102671334,0.14581121487769438,8730e74690f38a87355bf45b00fc220e
118,0.0,0.07792207792207792,0.0,0.922077922077922,0.0,8733d6d19519598608c6dc2f9ee525d7
119,0.17923581769103983,0.17355106109357135,0.30195003010498045,0.13139283774206498,0.21387025336834348,87d88cba80cd67d705f61405fbe40da9
120,0.11208133756294819,0.2709234633354547,0.28779961455084163,0.12374298472465918,0.2054525998260963,8c0c301d93ca93cae5c090caf21816ec
121,0.16625937760260232,0.22501051564388785,0.2370572417600208,0.24898246995603304,0.12269039503745588,8c644d8cbd193c5575bb826a8abaa245
122,0.22788585978503625,0.24845034952417142,0.21349198968497013,0.1682984006643801,0.1418734003414421,8c8ee0b0491acee56e6346c2af5c6cf4
123,0.1220995233035732,0.24211551723961877,0.2973584155448173,0.20915005424047275,0.12927648967151806,8ccf6026d9114437e881d73faa34ea51
124,0.17407833342605622,0.27487710277855354,0.2942037350775036,0.11999826605032346,0.13684256266756312,8e12cde03a0eaf1a9c41596a81a1cf59
125,0.1680910036190066,0.1855765661430082,0.2308820686364529,0.28753525848545175,0.12791510311608056,8ee53a46a77476104276e6a1af54472c
126,0.1730420871642839,0.15057768338019867,0.3401417369687678,0.16217174710425344,0.17406674538249617,8ee7d10d8b836222ee69ff04247971a4
127,0.6275509323885899,0.06407824940071048,0.10741316800323472,0.06272659882741424,0.13823105138005065,8feafc5db9bf59d00a21335e69b57804
128,0.10279323406478577,0.5166307458176863,0.10805936592143484,0.16438826674146872,0.10812838745462429,91d30de367a6a0772fdca55ec5b129a2
129,0.17715548238391435,0.19420968594504232,0.21761407174655778,0.19013717968674795,0.22088358023773758,920e275acd8721dad396513f4d7c99ea
130,0.1672979756519878,0.16635772959734837,0.25193790497095364,0.2263354607779639,0.18807092900174624,964412e1937376da4b5a70412a600bc9
131,0.16345011633770729,0.17809833410407086,0.23955482926358906,0.1483824496293817,0.2705142706652511,968356427b2638af0930896c8d4a48d5
132,0.08548078010829471,0.15016200774289237,0.4998917949235391,0.1709589699770652,0.09350644724820856,96cf40f9d3b2d69466161000cd69ae5c
133,0.18450274589736826,0.2324542579791807,0.17971360260568767,0.21184402577572173,0.1914853677420416,97487f1632fbab90426f6760a0fe94ea
134,0.22868644276852562,0.1897358885640886,0.22292687893093652,0.20301669598827402,0.15563409374817522,98e5152e1020930fb007145c1c60648b
135,0.10263876925781483,0.2153897792724157,0.2458731098171932,0.2752010319261802,0.1608973097263961,993b20b5d910d05b5d79e0de71386a49
136,0.11829634692627135,0.15805240145489907,0.226209202741614,0.10332792850105935,0.39411412037615606,9a67ed145c6e7be55b1f744897316f71
137,0.23697973456857815,0.22198337443944252,0.28115881807054127,0.15114873150187608,0.10872934141956209,9e9e21ee5dbdb37ffda3225cd0403d34
138,0.10666700126953489,0.39911817837703845,0.2974047320520528,0.1135341313049653,0.08327595699640862,9ffbe25e279de21de86acd54b6fa60d0
139,0.20998527874009407,0.2188998849634271,0.1566992681351123,0.2518373098840198,0.16257825827734665,a23be0935798553a76b4e74cfc1740f1
140,0.15196524889229138,0.20883671274614762,0.2781417839321555,0.2169141019911634,0.144142152438242,a2949761d01e0f82cdbcc71231431959
141,0.17844416046334366,0.20200259032610096,0.16364893791639443,0.15781153209500406,0.2980927791991569,a4dde9659b38b613f08b37c0c8bfa9eb
142,0.28920903623711786,0.18688530055780067,0.19632711642132616,0.1402405775946252,0.1873379691891302,a4fcfc9e92d6861285d6c5979d2fd54b
143,0.2069985388779148,0.14372759699209248,0.37491212022360915,0.14193005229847774,0.13243169160790588,a52b5e80b4c7a8e05f8cc0a16ae4ea9f
144,0.16800835900785407,0.22703413983244186,0.2886455759003272,0.20374709515846895,0.11256483010090791,a6c1b8b62cc50f9022f018b5198648a0
145,0.12902134388805672,0.28550947623003853,0.19718504631019365,0.25728548038556515,0.13099865318614595,a7a320d21e232075512a494c982dc17f
146,0.14806490043424816,0.2462002758297161,0.227949595803524,0.21193947561619006,0.1658457523163216,a7cb6ba9ef6b3878a4284b0d63afecd7
147,0.20273550763857484,0.25388901417848836,0.16245149403000808,0.14847285559990123,0.23245112855302752,aa77ecb82c267ad01e9899413f072025
148,0.09144120408457011,0.4083838720289078,0.2119147731664312,0.1203214396729563,0.16793871104713456,ab5ee451ce580a761fefd88f7b49a97f
149,0.0995496261907365,0.1657654230139531,0.1797625567452991,0.35378107524283925,0.20114131880717212,ac02afb2367b89fdcab1b1245e195b27
150,0.21682991048462413,0.26066213255251236,0.1838444850016521,0.13673682459301492,0.20192664736819646,ac23ab17a31d1abeea72e408ac5871c1
151,0.21935691572076166,0.25629127070474106,0.18269535714641513,0.1752499196873072,0.16640653674077494,ac70fe1f8115ac361f2023269c011c3e
152,0.0,0.0,0.0,0.0,0.0,aeeb186fafcc356f44cae870555f4a0d
153,0.12577059223611067,0.1984157895450955,0.2793819442949576,0.2852803654904858,0.11115130843335039,b17eeda399b312140dc40b8445a8e0a5
154,0.2448349647108613,0.29812787022384657,0.15719412258594265,0.1134963356445237,0.1863467068348258,b1fed5ab5fbd8a1b2fd93b925849a11c
155,0.13191057290143146,0.3199156858936909,0.1996891512714872,0.216732856880397,0.13175173305299342,b3db52ffec3adfc49eb061af2f2f2846
156,0.15798274191334097,0.24261774822624027,0.24603199362035527,0.18081531260104086,0.17255220363902274,b4d5a392109a5d0a0e6da33189e63511
157,0.14407082837965512,0.2467945197224509,0.3504647966539536,0.12010724641765223,0.1385626088262883,b5dea997cb5e8f17d428c5047a9a1c08
158,0.16835934437437,0.20967029204296994,0.2308787233427273,0.23821650023333552,0.15287514000659733,b855dfddb71e240c1990b539533cd1f6
159,0.17015206307742442,0.14528705684266296,0.17863202924847993,0.3471155058183344,0.1588133450130983,bbcad50219ee8a1484b4c6f000eb4e68
160,0.1371593853974997,0.25147730164481624,0.2996316687520204,0.17162097706406831,0.14011066714159537,bc3ae668f5930dcab54b63a9cfd0896d
161,0.1386368381725208,0.16820629186588062,0.22540950519834863,0.3387306716838363,0.12901669307941357,bd441b322153093e69f107a36a9b15d6
162,0.16263991766582322,0.26665108476111127,0.27432896898621356,0.14652191507175663,0.14985811351509534,bd6de07de02a8c2e98018a1c7daecc87
163,0.16641416252884383,0.240763355976702,0.22119555460590576,0.14870166870819893,0.22292525818034953,bdefb86f43d463ae4475291ec837f7d7
164,0.13358594852389946,0.21396445699604527,0.2728932731989825,0.21692114925462466,0.1626351720264482,bea4c7250c8631ddfacf57dfa386caba
165,0.10304834054834056,0.5234102934102934,0.17085858585858588,0.08680254930254931,0.1158802308802309,c0b0998fe60a905081764378d1102494
166,0.1414679252810088,0.2413670861243405,0.2650895544604802,0.2393459931912242,0.11272944094294611,c0fec81b63a711ebc1c29a5df6e21b07
167,0.15167238207679792,0.10549937783841504,0.33469565349785824,0.10527424617218148,0.30285834041474735,c21283c11daebb61004b688f04c27715
168,0.13312197188254063,0.2780691306381609,0.3910114835100883,0.11700839341695941,0.08078902055225065,c21d2515be8477a92181b9c0035a9884
169,0.12857100963048498,0.2333653538575552,0.252128099009996,0.24700747947730464,0.13892805802465924,c2d80f95e15e8973a9a943564baea1b7
170,0.0,0.44554311622257664,0.5544568837774233,0.0,0.0,c31fd374e5d8227a31bf8f06f0402b96
171,0.19066680399350736,0.22347143039688225,0.24046866556245336,0.1466441794053845,0.1987489206417724,c37f9221f44e9ca35a49180dc05a7587
172,0.12517238571181058,0.2791139965000424,0.18137845606802416,0.12406095287561927,0.29027420884450367,c4de76cb7f30c4073617bfb80fabaec6
173,0.1909931173884938,0.22963711285767752,0.13807662633381057,0.23812892806768776,0.20316421535233034,c703d4732f997328085fad609ecd6656
174,0.21449725862500063,0.19913730988614517,0.24669552354371915,0.12722300776052,0.21244690018461504,c75fc80fba7cbe2b7d9cbc71be5b91a6
175,0.16631314476547027,0.2246284844803045,0.21918750351115887,0.21431268485452423,0.1755581823885421,c7d47e96f38254e31508ca2c19b24d29
176,0.2862766024615463,0.16471932603772524,0.14000167338015035,0.1694936583596414,0.23950873976093684,c98557ba920872193b0d6d8d90ac2eb0
177,0.16285258618814957,0.17060465715169948,0.34102985085609805,0.16860336919267588,0.15690953661137702,cf007be9a060b779cf5a71b3e59a9d5b
178,0.13036432381118637,0.2714332404007933,0.26292195940064494,0.20568268440924772,0.12959779197812787,d038cb570b5de5840c0677e72d2ba198
179,0.21274481436926077,0.2507858622839693,0.20319229273100695,0.16946799700439508,0.1638090336113678,d060bfe5da35b9cbd05e3dc33e167092
180,0.1894098805275154,0.21193795205023655,0.20183920239252418,0.2145470708786824,0.18226589415104158,d1075cae00d6198eb840ad42a2df742c
181,0.07534141729322033,0.1368777275386744,0.561482804485788,0.13092083108335112,0.09537721959896622,d1cd5ab675681cd980ee4dd212d8c53c
182,0.11995238817656409,0.35042808144431825,0.2019131302787103,0.18300952883692553,0.14469687126348185,d2c8a48736cfe925440115558db860ee
183,0.1996070776531352,0.19858757951589348,0.2451179851783886,0.20787549186179258,0.14881186579079003,d86f28a1830ecec98f00cd0fddf8b1ef
184,0.16152614788395314,0.22728170339320097,0.15274605297959223,0.1604218079559409,0.29802428778731277,da130c5ecc942e7cd705585222a42adf
185,0.14735515875697594,0.17020061042275386,0.2984605516316742,0.24918536794560436,0.13479831124299177,db422d4921bbfae5352fdc90cea7bd07
186,0.3068472460077673,0.15731611289167227,0.2163450934270697,0.18482480973987656,0.1346667379336141,db8df8be53722b041b1e649ae0c0b5d4
187,0.08224803199351914,0.3477929858515119,0.13294117206922984,0.23963855885254637,0.19737925123319291,dd2ab53554046244203dfb4a72ad4e18
188,0.17484797706057653,0.20005978727713047,0.16407135680441842,0.2959387234187651,0.16508215543910956,dfba04a156c13a94753a56bbbdd58969
189,0.12793165524041736,0.27147382461749897,0.1772149607186302,0.2709578307658375,0.15242172865761602,e06024d216d36ef2d7cddc8a67cf77a7
190,0.20601784967074976,0.2042717462841536,0.27198904364134435,0.12239418233921033,0.1953271780645421,e1b0f11a76278ee3f33e48e2d81b50d0
191,0.15392403139625752,0.17233420260904922,0.3031072957264375,0.2356651216083842,0.1349693486598715,e3d27e46b8e06963920efb69f95df6fc
192,0.15745361626559248,0.23062844943245026,0.21006266933054546,0.24459124417015954,0.15726402080125224,e535002d3f0d00b98ff8a34754d6472b
193,0.15686785445029644,0.3767265154118776,0.15895756512716677,0.12680530623121872,0.18064275877944055,e60e86c5e68c34e34f69aa9257eb977b
194,0.23236598948124507,0.10043791371417629,0.35478394199797464,0.23466846802800823,0.07774368677859579,e8811b53add5bfb32640af600ba33399
195,0.16976455599025894,0.2274238566873449,0.2530325794050349,0.18266810343086046,0.16711090448650087,e946e1f85b5de2dba4edcf1aebbfdc0a
196,0.10893074828907581,0.39601389751913063,0.18828667995130585,0.1778947125107848,0.12887396172970306,eb5b94ef4672c2971d18f0d95d51f892
197,0.18010919598376582,0.25968015723708,0.2279222655640392,0.17192083353359194,0.16036754768152325,f066d6d9013a60a4b65eda0f2518f61a
198,0.16538008745943333,0.2914609211575897,0.14194482732357994,0.21413409039520043,0.18708007366419666,f0db9e3e8b9b5080e5752383cceb34f6
199,0.19485775590399132,0.20958966578903515,0.31024930486409436,0.14438237238786306,0.14092090105501617,f17129feb37d5dcec17728f50d7beb95
200,0.2555467207009918,0.12146965288091632,0.15144943320530027,0.28096872105222637,0.19056547216056535,f1dcebbb6fbe6d586ddb2c43c781e013
201,0.1532264983982354,0.3110997859548359,0.1845293220765256,0.15405335378838356,0.1970910397820197,f3e1995993cccfe83056a8deb2e315ff
202,0.18169904225400899,0.19135449474066235,0.1422521940395973,0.2970127568136278,0.18768151215210352,f40ed30e72159a5c839a43fe97e0c905
203,0.14656691856128892,0.2785070256841733,0.196822635935585,0.1912535248914699,0.186849894927483,f4d488e3c8096842b645280d8f01ae43
204,0.15018001842439227,0.21780767507372903,0.27647286516954994,0.17594975668200646,0.17958968465032224,f5529fbae87a8d170937d3e39d5a63cc
205,0.3264640889237405,0.0902161928166171,0.20032026844396528,0.15284244464965538,0.23015700516602178,f578948fdf09c92bc603dae7400b6673
206,0.08294146123056807,0.26865093108700244,0.3943860335991136,0.13173765504728513,0.12228391903603084,f5fa7e56d2303d8b1e3bb33d367c98c5
207,0.14567892489543807,0.19525995510871344,0.2833183654949804,0.23966113687742094,0.1360816176234471,f663e0d08f34a40d5930a3298bc8e98e
208,0.185426390291245,0.17790189988382407,0.17956698674717686,0.08775975484180477,0.36934496823594937,f7472689b3556548c03d3b064d6ab9a8
209,0.12948467930537375,0.3056719714434802,0.16995326892558124,0.1421411095270228,0.25274897079854214,fa394f6d3d077bd5568fc3bc01580806
210,0.5604395604395604,0.054945054945054944,0.054945054945054944,0.2087912087912088,0.12087912087912088,fbcc8cd8254960ed44ffdd3390a2f6a0
211,0.24081516554320018,0.2304172509884761,0.1715350386773121,0.19719290853991872,0.16003963625109294,fc26652471ae91bdbbc11a8be89c362c
212,0.16315787190703582,0.2835059392131904,0.24042665069348598,0.16062586497445774,0.1522836732118301,fc73375dda5e5460f7088c78654a945e
213,0.17287240312819077,0.17375263935861643,0.21033985210872694,0.24298955903174188,0.20004554637272398,fe8ddda4ae8c71f7054ca024b82f5c98
214,0.21182886363307568,0.35557398258782835,0.16715878425709854,0.1176530326389144,0.1477853368830831,ffc4b142e017c162ed4db7b05414fc4b
